|0000|006|0|||01062026|30062026|COMERCIO DEMONSTRACAO LTDA|12345678000195|SP|3550308||00|0|
|0110|1|1|1|1|
|0140|EST001|COMERCIO DEMONSTRACAO LTDA|12345678000195|SP|110042490114|3550308|||
|0150|FOR001|DISTRIBUIDORA HORIZONTE LTDA|01058|11222333000144||110223344|SP|3550308|
|0150|FOR002|INDUSTRIA CAMINHO VERDE SA|01058|22333444000155||220334455|SP|3550308|
|0150|CLI001|MERCADO NOVO DIA LTDA|01058|33444555000166||330445566|SP|3550308|
|0150|CLI002|EMPORIO BOA PRACA LTDA|01058|44555666000177||440556677|SP|3550308|
|0200|PROD001|CAFE TORRADO 500G|||UN|00|09012100|
|0200|PROD002|BISCOITO INTEGRAL 200G|||UN|00|19053100|
|0200|PROD003|CHA NATURAL 20 SACHES|||UN|00|09023000|
|C010|12345678000195|2|
|C100|0|1|FOR001|55|00|1||1001|35260611222333000144550010000010011000010012|05062026|05062026|10000,00|0|0,00|0,00|10000,00|9|0,00|0,00|0,00|10000,00|1200,00|0,00|0,00|0,00||165,00|760,00||
|C170|1|PROD001||600,000|UN|6000,00|0,00|0|000|1102||6000,00|12,00|720,00|0,00|0,00|0,00|0|50||0,00|0,00|0,00|50|6000,00|1,65|0,00|0,00|99,00|50|6000,00|7,60|0,00|0,00|456,00||
|C170|2|PROD002||400,000|UN|4000,00|0,00|0|000|1102||4000,00|12,00|480,00|0,00|0,00|0,00|0|50||0,00|0,00|0,00|50|4000,00|1,65|0,00|0,00|66,00|50|4000,00|7,60|0,00|0,00|304,00||
|C100|0|1|FOR002|55|00|1||2048|35260622333444000155550010000020481000020485|12062026|12062026|5500,00|0|0,00|0,00|5500,00|9|0,00|0,00|0,00|5500,00|660,00|0,00|0,00|0,00||90,75|418,00||
|C170|1|PROD003||500,000|UN|5500,00|0,00|0|000|1403||5500,00|12,00|660,00|0,00|0,00|0,00|0|50||0,00|0,00|0,00|50|5500,00|1,65|0,00|0,00|90,75|50|5500,00|7,60|0,00|0,00|418,00||
|C100|1|0|CLI001|55|00|1||3501|35260612345678000195550010000035011000035010|18062026|18062026|18000,00|0|0,00|0,00|18000,00|9|0,00|0,00|0,00|18000,00|2160,00|0,00|0,00|0,00||297,00|1368,00||
|C170|1|PROD001||800,000|UN|12000,00|0,00|0|000|5102||12000,00|12,00|1440,00|0,00|0,00|0,00|0|50||0,00|0,00|0,00|01|12000,00|1,65|0,00|0,00|198,00|01|12000,00|7,60|0,00|0,00|912,00||
|C170|2|PROD002||300,000|UN|6000,00|0,00|0|000|5102||6000,00|12,00|720,00|0,00|0,00|0,00|0|50||0,00|0,00|0,00|01|6000,00|1,65|0,00|0,00|99,00|01|6000,00|7,60|0,00|0,00|456,00||
|C100|1|0|CLI002|55|00|1||3510|35260612345678000195550010000035101000035108|25062026|25062026|9000,00|0|0,00|0,00|9000,00|9|0,00|0,00|0,00|9000,00|1080,00|0,00|0,00|0,00||148,50|684,00||
|C170|1|PROD003||600,000|UN|9000,00|0,00|0|000|6108||9000,00|12,00|1080,00|0,00|0,00|0,00|0|50||0,00|0,00|0,00|01|9000,00|1,65|0,00|0,00|148,50|01|9000,00|7,60|0,00|0,00|684,00||
|M100|101|0|15500,00|1,65|0,00|0,00|255,75|0,00|0,00|0,00|255,75|0|0,00|255,75|
|M200|445,50|255,75|0,00|189,75|0,00|0,00|189,75|0,00|0,00|0,00|0,00|189,75|
|M500|101|0|15500,00|7,60|0,00|0,00|1178,00|0,00|0,00|0,00|1178,00|0|0,00|1178,00|
|M600|2052,00|1178,00|0,00|874,00|0,00|0,00|874,00|0,00|0,00|0,00|0,00|874,00|
|9999|27|
