|0000|019|0|01062026|30062026|COMERCIO DEMONSTRACAO LTDA|12345678000195||SP|110042490114|3550308|||A|1|
|0001|0|
|0150|FOR001|DISTRIBUIDORA HORIZONTE LTDA|01058|11222333000144||110223344|3550308||RUA DAS FLORES|120||CENTRO|
|0150|FOR002|INDUSTRIA CAMINHO VERDE SA|01058|22333444000155||220334455|3550308||AVENIDA BRASIL|450||JARDINS|
|0150|CLI001|MERCADO NOVO DIA LTDA|01058|33444555000166||330445566|3550308||RUA DO COMERCIO|88||VILA NOVA|
|0150|CLI002|EMPORIO BOA PRACA LTDA|01058|44555666000177||440556677|3550308||PRACA CENTRAL|15||CENTRO|
|0200|PROD001|CAFE TORRADO 500G|||UN|00|09012100|||12,00|||
|0200|PROD002|BISCOITO INTEGRAL 200G|||UN|00|19053100|||12,00|||
|0200|PROD003|CHA NATURAL 20 SACHES|||UN|00|09023000|||12,00|||
|C100|0|1|FOR001|55|00|1|1001|35260611222333000144550010000010011000010010|05062026|05062026|10000,00|0|0,00|0,00|10000,00|9|0,00|0,00|0,00|10000,00|1200,00|0,00|0,00|0,00|0,00|0,00|0,00|
|C170|1|PROD001||600,000|UN|6000,00|0,00|0|000|1102||6000,00|12,00|720,00|0,00|0,00|0,00|0|50||0,00|0,00|0,00|50|0,00|0,00|0,00|0,00|50|0,00|0,00|0,00|0,00||0,00|
|C170|2|PROD002||400,000|UN|4000,00|0,00|0|000|1102||4000,00|12,00|480,00|0,00|0,00|0,00|0|50||0,00|0,00|0,00|50|0,00|0,00|0,00|0,00|50|0,00|0,00|0,00|0,00||0,00|
|C190|000|1102|12,00|10000,00|10000,00|1200,00|0,00|0,00|0,00|0,00||
|C100|0|1|FOR002|55|00|1|2048|35260622333444000155550010000020481000020480|12062026|12062026|5500,00|0|0,00|0,00|5500,00|9|0,00|0,00|0,00|5500,00|660,00|0,00|0,00|0,00|0,00|0,00|0,00|
|C170|1|PROD003||500,000|UN|5500,00|0,00|0|000|1403||5500,00|12,00|660,00|0,00|0,00|0,00|0|50||0,00|0,00|0,00|50|0,00|0,00|0,00|0,00|50|0,00|0,00|0,00|0,00||0,00|
|C190|000|1403|12,00|5500,00|5500,00|660,00|0,00|0,00|0,00|0,00||
|C100|1|0|CLI001|55|00|1|3501|35260612345678000195550010000035011000035010|18062026|18062026|18000,00|0|0,00|0,00|18000,00|9|0,00|0,00|0,00|18000,00|2160,00|0,00|0,00|0,00|0,00|0,00|0,00|
|C170|1|PROD001||800,000|UN|12000,00|0,00|0|000|5102||12000,00|12,00|1440,00|0,00|0,00|0,00|0|50||0,00|0,00|0,00|50|0,00|0,00|0,00|0,00|50|0,00|0,00|0,00|0,00||0,00|
|C170|2|PROD002||300,000|UN|6000,00|0,00|0|000|5102||6000,00|12,00|720,00|0,00|0,00|0,00|0|50||0,00|0,00|0,00|50|0,00|0,00|0,00|0,00|50|0,00|0,00|0,00|0,00||0,00|
|C190|000|5102|12,00|18000,00|18000,00|2160,00|0,00|0,00|0,00|0,00||
|C100|1|0|CLI002|55|00|1|3510|35260612345678000195550010000035101000035100|25062026|25062026|9000,00|0|0,00|0,00|9000,00|9|0,00|0,00|0,00|9000,00|1080,00|0,00|0,00|0,00|0,00|0,00|0,00|
|C170|1|PROD003||600,000|UN|9000,00|0,00|0|000|6108||9000,00|12,00|1080,00|0,00|0,00|0,00|0|50||0,00|0,00|0,00|50|0,00|0,00|0,00|0,00|50|0,00|0,00|0,00|0,00||0,00|
|C190|000|6108|12,00|9000,00|9000,00|1080,00|0,00|0,00|0,00|0,00||
|C100|1|0|CLI002|55|02|1|3515|35260612345678000195550010000035151000035150|29062026|29062026|3000,00|0|0,00|0,00|3000,00|9|0,00|0,00|0,00|3000,00|360,00|0,00|0,00|0,00|0,00|0,00|0,00|
|C170|1|PROD002||150,000|UN|3000,00|0,00|0|000|5102||3000,00|12,00|360,00|0,00|0,00|0,00|0|50||0,00|0,00|0,00|50|0,00|0,00|0,00|0,00|50|0,00|0,00|0,00|0,00||0,00|
|C190|000|5102|12,00|3000,00|3000,00|360,00|0,00|0,00|0,00|0,00||
|9999|28|
